122728 93623 87325 89277 88871 85726 92513 79825 91649 80808 91187 83393 93806 75779 80445 82784 82493 87288 84248 91503 84452 87224 89914 88522 91995 86806 87413 81864 82648 83957 82023 80949 87719 93798 93374 85529 85480 88180 88699 85407 91667 83498 87579 84885 89932 87293 88212 88326 87071 91990 84682 90252 85816 90949 81636 86205 89965 88061 87075 86416 89474 90686 87145 89692 89506 89944 78901 85566 93953 86697 77599 90078 82117 78126 80240 91971 88647 88497 86631 86900 82745 82158 88281 86423 84458 83740 79392 89976 73584 82387 84940 88544 84279 95342 90517 84211 86568 84536 81735 88214 94721 86871 86616 83277 87200 88815 92269 87908 83243 94342 87410 87526 86678 83474 89660 86982 93389 90672 85275 81301 88227 98056 87921 93349 86831 86375 91077 86535
93623 108838 84484 83975 86588 79856 87091 80616 84544 72874 80560 80060 88777 69208 77681 80686 79791 80411 79052 85545 74769 86346 79671 79790 86391 83829 78922 77849 77551 82718 77033 76202 78917 92047 87230 87461 82385 82316 86624 79265 87562 75628 84170 78565 85001 81711 77884 85525 78071 82979 77665 87990 80700 88876 74731 78024 84573 78186 79205 84798 88428 83709 84336 81935 81273 82678 75823 84705 83394 84577 73671 86502 77567 73546 71454 86238 83168 80844 82313 80534 76571 74616 80511 78904 76874 85159 74344 83513 75221 73788 81547 87290 81225 88383 85628 80447 77735 76125 74698 80766 80782 81484 84352 81492 80981 81220 90307 81832 79945 87809 79549 84688 82836 77788 85089 81505 80446 89047 79215 76966 79630 88492 84852 88196 75754 81588 86719 80874
87325 84484 103352 80107 76581 73114 79657 75135 81209 73092 77423 73261 80394 65814 75213 74929 74290 76905 77286 82983 79193 82305 80165 77511 79813 73881 78682 77138 73511 79584 73167 71036 77565 84693 82371 81196 74502 77246 81639 74090 83070 74891 73709 72111 79326 80250 79646 81734 79396 79095 78028 80839 73837 77955 78207 78395 80582 74983 74061 77959 84376 79168 76263 77550 78188 81481 75966 78607 79202 80027 68955 84824 70841 73199 68795 82103 77728 74698 74193 74822 77872 73473 77418 71948 78456 76910 68978 80107 69478 71345 72724 82792 75945 82889 75758 77202 77309 73286 74375 73197 78481 75849 76218 77528 78594 73668 83434 78999 75592 80148 78384 80627 79104 74580 76959 73294 78539 78668 77502 68305 79536 82960 79103 82667 74547 75607 81804 76590
89277 83975 80107 109498 85332 73674 85275 75526 81504 70305 81286 75809 86175 67103 77833 77043 78912 76535 76442 82039 75036 80544 82565 84846 88085 77099 76590 76800 74521 84138 70816 75173 77156 84038 81977 83801 82005 78476 79558 77816 87359 73188 77337 77198 76680 80432 79596 75311 83196 82678 73384 83622 74348 78711 77628 77667 80249 78913 77172 82446 85631 79513 76673 75860 78576 81896 74293 80545 81900 77496 73178 78299 73837 75820 74276 80790 83601 80078 73541 78104 78782 78449 75979 79470 77503 78273 84878 78901 73136 71788 77160 81645 74760 89117 84500 74407 75389 76568 73545 82434 81275 80270 82906 73283 79036 82056 85106 74582 75072 81962 82137 83019 85484 75687 79949 77715 83571 84198 78949 74467 83461 89447 81796 86289 77990 80114 83947 78824
88871 86588 76581 85332 105970 74840 86243 78824 81399 69416 77303 82554 83641 68178 80702 77245 80237 78181 82026 82033 75841 88924 81636 82789 85590 81615 77632 74442 74660 83262 72755 73220 76907 90003 84210 86082 80245 75396 79890 73534 87266 77935 81244 80106 82567 81647 80191 81282 78717 76937 77377 82180 82417 83987 76589 76934 84017 75264 83327 84117 84364 83275 82309 80680 81453 83020 74629 85519 84176 84016 72696 85275 77475 75499 71745 87021 84913 82321 77607 79345 79454 79241 84741 83644 73734 76510 74512 83432 72470 74130 77920 83456 75580 90762 80650 76849 72787 76164 78180 80744 77610 82788 77475 76509 78621 81274 88398 76724 78865 86477 81418 83313 85593 75301 80364 77526 85116 82932 80132 76793 81434 87783 86210 82802 77604 81330 82963 81327
85726 79856 73114 73674 74840 100789 85337 69966 75744 67158 76435 76663 79054 65586 65254 68174 72758 76182 74461 79754 72257 78631 75490 75257 77275 75341 78896 76395 72100 73007 71398 73696 71036 78914 84950 75221 78722 73670 78912 68451 82454 69070 72609 67706 74680 77776 75222 75126 77226 76508 77961 75872 73002 78157 70868 73095 74364 74764 73364 78456 79407 75032 74250 71206 72740 76321 66295 77399 79982 77294 70657 75221 68823 71106 65155 75013 74104 72811 70763 74737 70834 70623 74583 69382 73480 73109 66424 72595 62568 67407 76679 78855 73291 77749 76259 72684 68975 72049 75112 72070 75018 75293 74439 71344 70931 73175 83081 74188 74207 84825 77984 73755 80375 74377 78490 74978 72225 77341 75456 71425 76055 87012 77798 80530 73798 70515 76910 74010
92513 87091 79657 85275 86243 85337 116482 75792 89049 73149 84345 82615 91242 69065 80003 80417 80891 85966 81495 84297 80980 88317 84679 81476 85802 82125 87445 79671 78540 86286 77574 78469 78889 82434 85204 82809 81550 75247 87949 79890 87644 77858 84454 78288 81194 77970 82779 82866 85922 83045 79199 85135 81798 88077 78601 77650 83494 81304 82528 89181 91322 82404 81459 83331 83787 85123 75457 87606 90577 84730 73282 87037 75628 78797 75360 86397 87101 83139 76483 83034 78656 81083 83602 74230 79673 79631 81145 83796 71855 76415 80550 86317 80833 88264 87860 84623 75751 78295 80885 78292 82546 81095 82692 79081 81315 82949 91341 81672 85676 89872 81064 83049 87267 82568 86941 79744 83299 92127 81064 78244 84621 93638 86165 84912 79375 84583 84021 80595
79825 80616 75135 75526 78824 69966 75792 93782 74863 62594 72397 69917 75487 60511 68815 74081 70795 72750 67946 77740 67128 72804 71490 73918 79778 69450 73333 71039 69708 72379 63452 68908 67666 81284 77876 73572 69810 68878 74171 69465 79452 71561 70052 70592 72254 74682 72861 79541 70318 71075 71737 73799 68119 72894 67797 68729 71446 66878 74178 75089 80068 75675 73164 69668 75163 75643 68635 74520 74921 73439 63008 79559 65274 66642 66491 78123 72602 74929 71222 67960 71036 66939 67187 71005 66331 74629 69831 78366 65417 63933 67043 73922 72163 80326 68773 69874 69336 67431 71703 68460 72020 71452 74131 69210 68256 68600 77575 71968 71806 77772 70112 70420 72780 69948 74518 74079 74348 76695 71767 66246 77454 80188 77116 77691 72883 71457 76251 74183
91649 84544 81209 81504 81399 75744 89049 74863 111257 74758 76799 79557 91167 72914 77415 78636 77064 85326 83573 85526 86665 90349 85006 85243 85652 81411 78816 78141 76339 78297 76952 74356 77105 84185 82753 86320 75963 81641 82862 79397 82614 81748 78420 75285 77613 79793 84301 84770 84218 81461 77547 85221 77768 82224 75631 74161 83412 82404 82312 88058 88506 85351 81915 80511 84114 78668 75813 77647 85182 83176 68966 83501 73502 74589 70735 87519 82733 75932 80500 80296 78878 74649 80651 78365 80536 82275 76936 78095 71742 76773 80374 81135 83498 87148 83173 79898 78969 77932 77749 80929 77548 82030 78311 79467 79626 77276 86814 81618 77890 92166 81753 85265 83536 77061 85785 77574 78370 81432 81830 78931 84254 90967 82200 84266 83587 81771 84319 80735
80808 72874 73092 70305 69416 67158 73149 62594 74758 86288 68791 66019 77759 63173 71829 68886 66541 72393 69136 73669 73083 76594 70180 70052 72331 70999 67197 64919 63652 64848 65796 65362 71251 78718 75387 76130 67057 71572 72444 66715 76747 67526 68994 70650 74059 68973 69110 69593 71058 70734 68801 75201 68467 72071 67433 67850 70984 66397 72034 71199 72875 71775 66979 68082 72966 74330 66718 71078 75326 72922 60345 71619 65849 68545 63848 74168 67400 68700 72743 65384 65928 64303 68412 63364 67627 68992 65887 68616 63469 66809 68820 72331 72601 76672 71841 68488 65276 69508 68665 66734 72256 69422 66600 68211 68621 70533 77466 71960 71200 75586 66800 67909 69916 67666 72822 65522 75679 75606 69159 68960 68961 76523 72638 75224 66563 69010 73046 67656
91187 80560 77423 81286 77303 76435 84345 72397 76799 68791 105354 77733 84073 66137 69856 76038 73027 81626 76091 85441 75697 82010 80266 77843 80687 76618 80909 73913 76587 84397 73316 72027 76615 84274 82736 79825 79200 74602 75661 75610 90236 73388 71085 76471 76585 78522 74933 77693 80290 80795 74497 82329 74037 76609 72684 73166 81399 77685 73947 79063 86025 78189 72876 79320 79584 78870 72863 79672 82288 75620 68587 81496 72126 73603 70176 80386 77061 75251 74478 81538 73416 75525 77978 79419 76085 76172 72204 81437 69860 73239 76749 79234 79226 82448 82259 79482 76676 72251 73426 75711 81075 77044 79485 75665 79242 80046 79508 75992 74557 84409 78007 78710 80514 75271 79269 78813 86211 83472 77154 72479 83332 88036 83482 83894 67974 77118 80415 78414
83393 80060 73261 75809 82554 76663 82615 69917 79557 66019 77733 101641 77457 63137 69805 74580 74310 80805 72974 81639 73437 80621 77137 80225 82534 77273 76474 76124 77875 78394 72708 75124 75065 81193 79269 82007 74931 75670 75246 70318 86186 74316 72122 71827 77267 73769 74926 77502 76756 75144 73276 78022 79325 77497 70307 75621 81009 75512 71202 79127 83448 76458 75545 76691 77447 74507 74392 79951 77929 77948 68670 81187 70122 71101 66178 80420 77849 79268 71858 78752 72656 76580 75492 77379 78043 75227 73571 76630 62976 65824 80217 78957 76822 83429 81956 75772 73219 73470 73413 72969 76154 78988 73899 73221 71335 76092 81701 75850 75132 81532 76982 79552 83106 70907 75039 71499 77987 76484 75541 68252 79111 88013 77924 82274 74229 74661 77949 71060
93806 88777 80394 86175 83641 79054 91242 75487 91167 77759 84073 77457 114713 71314 81361 80842 79298 82272 79016 84284 78505 89773 85697 82181 85809 82713 81411 77236 70285 83814 76397 77299 82214 90913 88611 86508 81653 82799 85107 81022 83468 77135 80452 79303 82323 86390 81224 83485 80477 89802 78467 87844 82121 84877 83180 78832 85644 80913 84273 85759 90761 81480 84608 81200 84204 85702 77163 84151 90334 86176 74894 83802 76111 80497 75068 86681 78245 84900 80312 81956 79859 78917 82073 80151 79285 79961 79987 78138 70973 76175 79697 89379 83132 90343 84833 80170 76552 79558 76476 80769 84945 79929 82480 77852 82480 79433 89526 78722 82014 86808 82492 82106 85051 80741 81030 77574 82302 91859 82082 78689 81588 86678 87664 87163 78974 81352 89792 83751
75779 69208 65814 67103 68178 65586 69065 60511 72914 63173 66137 63137 71314 79549 61581 63682 65249 66628 68850 67711 66442 71839 67179 67884 69802 67681 67910 66036 61338 66566 63394 61237 64896 77149 70991 68011 62464 67410 67547 67540 72581 64693 66861 66389 67671 70609 64409 64270 66274 66448 65338 68977 62742 67713 61374 61524 66522 66711 66586 68302 67241 71138 69291 66965 65980 69826 65437 66813 71492 68856 54779 69568 61308 61314 57140 70106 68758 66734 66279 63057 62580 61299 67247 67958 64019 67330 57000 64110 57214 60405 63356 70135 63206 75328 65087 66820 59759 64965 64025 68231 66746 68997 66638 63793 67818 64995 72553 68197 69654 73914 70669 68948 71194 63598 72078 66291 69955 71338 66687 59592 66890 75079 70239 70589 63741 64625 63231 66114
80445 77681 75213 77833 80702 65254 80003 68815 77415 71829 69856 69805 81361 61581 94231 68896 73798 72184 71735 76713 73492 82321 72564 74872 75231 75876 69279 63372 68427 74350 66624 69827 71973 80714 75258 81291 72099 71653 77447 65580 77332 71406 70130 73690 71679 72153 75940 75373 74453 75643 68055 78533 73884 74833 70592 70935 76147 71523 77669 73708 77384 71993 74285 69197 73359 78851 66397 74369 75250 76378 66255 75793 69314 72436 65921 79144 70686 76791 70375 68427 70769 68058 73293 71269 70955 73085 70249 74021 69134 70931 72257 74619 73355 82274 74063 71899 74311 70381 72102 67702 73297 73144 70340 71614 73831 71267 77081 74562 71737 77764 75561 77136 72021 69867 75095 71786 74165 79283 74396 69833 71092 75760 78154 81608 70311 76970 77561 72735
82784 80686 74929 77043 77245 68174 80417 74081 78636 68886 76038 74580 80842 63682 68896 96586 70443 73795 71121 74202 73524 81532 75770 70807 80615 71089 71516 72137 71474 77316 69757 68610 70270 83493 79141 73458 70156 72378 73427 72603 82583 70388 72006 69852 76180 77018 71563 72494 69029 73915 70603 82169 71726 75156 70905 71098 74288 70869 75710 77694 79984 77883 74023 70204 73876 76925 70742 76027 77318 72965 61224 77282 73280 70306 70911 74337 71265 70153 71652 74768 68716 69912 73545 69896 71075 77998 72794 77158 67584 69141 71212 78136 75592 81757 76633 69414 72112 72779 73105 76324 72922 74124 73697 73914 71211 76424 82973 75480 73647 78922 70366 77288 80935 68683 72927 72019 78211 76459 74459 71839 74383 84566 78038 78210 73776 75501 76846 70784
82493 79791 74290 78912 80237 72758 80891 70795 77064 66541 73027 74310 79298 65249 73798 70443 99825 76189 70271 79736 74572 83921 80948 78507 78308 74714 76431 76900 76846 74918 73034 72063 73835 80213 79340 78422 75232 77534 78631 72848 79493 69198 69970 72093 74278 78537 78702 75175 74927 72672 74089 79445 75543 74148 70504 74277 76494 71186 77470 75215 83152 75724 77709 74281 72903 80866 71108 76427 77364 79338 65918 76605 70032 69329 70189 81598 79355 78244 74915 70140 70834 75634 72412 72900 72834 73491 68854 74713 68947 69455 73039 79180 74428 77251 75430 71200 76606 71616 74602 75021 71344 78738 75710 75058 72295 71540 87740 75104 73270 80795 73699 76847 81755 74044 76530 71124 72571 80726 77719 68441 73517 83379 78104 82426 67063 72189 77020 76206
87288 80411 76905 76535 78181 76182 85966 72750 85326 72393 81626 80805 82272 66628 72184 73795 76189 101988 76945 80922 77686 82865 81549 81316 80388 76330 80593 78254 79205 78020 74371 72921 80269 84005 83014 83163 75342 78877 79946 71215 78751 74252 72928 72335 76061 77447 79956 79889 80335 80330 78709 82132 77548 81794 69885 74545 80869 74057 79025 79099 86582 76280 77157 78298 80481 79158 72182 77964 84201 82713 67025 82843 71980 74870 68419 82160 77725 79620 76662 82330 74444 78910 76560 76045 77958 78025 75545 76677 66017 71579 80421 79415 79599 81704 80275 77773 76560 73086 75451 76290 79634 76447 76214 76477 78294 82511 87317 75527 76319 84503 78363 76095 83266 77369 78540 80701 79274 82844 83034 74170 79882 86185 85667 85597 76596 77674 78705 78669
84248 79052 77286 76442 82026 74461 81495 67946 83573 69136 76091 72974 79016 68850 71735 71121 70271 76945 100016 75202 74130 85540 77052 75048 76667 75709 77824 72247 74089 74661 65908 68059 73809 85379 79665 78596 75170 71866 71990 71242 83271 75835 72940 73641 78381 77047 74976 75215 74306 73898 76050 75242 73656 79097 70808 71973 77920 75866 78764 78041 82357 75477 77950 77090 79850 78216 69608 79987 75963 81534 68446 79587 67458 73185 64740 76462 77516 66471 74678 70677 73589 65615 78443 76594 70341 72409 71076 77588 68502 73228 72740 75928 71222 82707 77958 73773 71740 69904 72093 71131 75589 77272 76989 72985 73624 71985 83876 74031 73835 80387 78132 78545 80639 71642 77813 75038 76040 79272 76132 74824 79537 85770 75738 79234 71124 75748 76108 75317
91503 85545 82983 82039 82033 79754 84297 77740 85526 73669 85441 81639 84284 67711 76713 74202 79736 80922 75202 106742 80543 82991 81783 81124 86745 80277 82069 77120 75264 79961 78576 75515 75780 87261 83506 84418 80345 74852 84611 77915 84680 80258 75114 77821 78725 81151 81157 83595 82004 79420 78670 85765 79246 79449 75484 79755 81425 76263 78587 81666 84086 82244 79312 77916 78948 80644 73460 81308 81421 81215 68242 87499 71775 72377 72333 84307 83878 80675 74433 76454 77990 80538 79234 78677 75337 80444 72500 79105 70385 71650 79572 83277 79124 84060 80369 80130 79570 77218 75543 82141 80477 75395 75141 74259 76992 78431 82932 79422 78647 82401 79613 84445 79690 81008 87507 78739 82410 83818 78447 74205 79736 87502 86248 88581 77482 77740 80169 79017
84452 74769 79193 75036 75841 72257 80980 67128 86665 73083 75697 73437 78505 66442 73492 73524 74572 77686 74130 80543 99668 83571 75219 75322 79769 77133 77579 71405 73631 74344 72923 67914 69844 79738 77533 77309 69922 74034 76950 73587 81719 72154 73491 71675 74754 76845 77088 74390 77890 75972 70767 80538 74225 80990 73855 72210 77792 74895 78312 79715 77035 77004 72692 73716 75628 77784 67023 75800 78410 76771 65090 79321 70848 67658 66582 79214 72647 74046 71617 73155 71986 71488 78129 69945 79512 74993 69211 74645 69426 72473 78090 76711 75152 83021 75579 73364 77002 75254 73520 72483 70599 76194 70372 75299 71035 72706 84659 77566 75017 81124 76802 80673 79121 70285 76725 70213 75156 78622 77681 71522 77566 83318 79190 76118 74903 74386 77075 71318
87224 86346 82305 80544 88924 78631 88317 72804 90349 76594 82010 80621 89773 71839 82321 81532 83921 82865 85540 82991 83571 114771 84393 80143 79986 85610 84373 82469 81293 87478 77665 73824 78730 86833 86270 85305 80748 80906 82989 80572 91484 83430 77769 78824 82300 84669 80632 84241 82631 83814 80034 86854 82720 82298 82607 79285 88701 82146 85738 87478 91552 85150 84548 81507 80653 83700 81752 87913 87174 87160 72913 86292 75649 82914 73081 87131 82805 82176 82321 81904 79470 79773 81389 79030 80755 79522 76811 83092 71124 82961 81667 84123 84914 90541 86467 78435 80507 78115 85093 79056 79231 83779 80097 82122 77676 82496 93687 79766 82022 89697 83792 86763 84434 79581 85897 80805 83039 87019 85948 78284 82131 88322 86499 86370 77852 86098 88742 81669
89914 79671 80165 82565 81636 75490 84679 71490 85006 70180 80266 77137 85697 67179 72564 75770 80948 81549 77052 81783 75219 84393 110979 86199 82987 77830 81089 80251 73827 84537 75911 76917 76230 85371 85001 81171 78621 80557 82379 77140 81520 79199 77164 75614 77344 82580 81168 79276 76097 80009 75475 83419 77087 79322 76484 78652 82718 75810 80074 83919 88898 79338 79359 79388 82619 80576 78068 76571 83589 78671 69096 78968 72452 77148 76200 80381 78116 79113 71746 80280 70593 78777 78145 77467 78367 79882 75654 79449 68833 70045 78989 82557 74909 83770 82490 74619 76670 72564 77363 81277 78731 80997 81157 75788 75294 77857 84660 79742 73847 82673 79107 77045 84508 77561 80960 76935 78963 83705 75237 74692 84216 89188 84204 84595 78919 79801 82079 78761
88522 79790 77511 84846 82789 75257 81476 73918 85243 70052 77843 80225 82181 67884 74872 70807 78507 81316 75048 81124 75322 80143 86199 105931 84916 76783 73631 79767 76603 77697 71155 77860 77750 83393 81283 83634 75501 78967 80526 74105 82704 74131 75482 73828 75165 76154 78402 80002 79947 78469 76550 75780 75538 77838 70890 72894 77791 76681 78103 81896 86114 79497 79253 79345 80378 77124 76742 80468 79392 75279 70112 79749 72939 76818 71926 79889 79547 79765 75697 76664 75191 72137 79760 82011 80504 76220 80000 76734 70587 72522 81606 83171 75981 81463 78457 79466 73318 72775 73487 79234 76773 76531 74837 71576 78999 77124 85222 73503 76381 86643 77896 82295 80202 75334 80262 73066 81336 79267 78393 73420 85298 86496 81570 84422 77208 77449 81094 78969
91995 86391 79813 88085 85590 77275 85802 79778 85652 72331 80687 82534 85809 69802 75231 80615 78308 80388 76667 86745 79769 79986 82987 84916 112373 77467 79333 78594 79176 82953 76587 78661 82379 87921 84665 80996 80549 80258 83238 78664 89493 80744 77994 80295 83041 79103 84107 82934 81342 78444 79726 82708 78096 86432 74314 78034 80887 76102 82196 84477 86165 87163 82987 80722 81010 81209 75703 85775 82170 78236 69642 88745 74773 75651 74637 84317 81493 84335 79550 80364 76546 75240 78796 81894 81539 86209 74983 80358 76023 72591 79281 86780 81627 90996 82927 76729 78124 81408 72139 80805 83045 81649 81096 74648 82693 84136 86823 77896 81644 89384 82753 87400 91043 81757 85853 75749 81452 85395 78156 75699 83151 92491 86769 89052 80487 74936 85657 75714
86806 83829 73881 77099 81615 75341 82125 69450 81411 70999 76618 77273 82713 67681 75876 71089 74714 76330 75709 80277 77133 85610 77830 76783 77467 99469 73627 72280 70457 71393 73697 74260 73407 81628 81318 81699 73355 75954 79396 72582 85598 71331 74186 77964 75575 77388 77134 77018 76433 76416 73271 79230 78711 81851 74449 75689 81363 76206 80158 79054 82377 77588 76300 77166 78186 79056 70178 82190 78997 78132 70347 78455 69575 70184 68011 80615 76794 76853 74302 74002 71809 74595 79904 76268 73364 73965 70710 77411 64061 68982 78518 81006 72505 82588 76217 75821 71023 75424 73110 71531 80220 75429 72334 73705 75140 73954 81012 76108 75048 83602 76424 76966 77710 75750 77272 76412 80207 81245 76161 74143 80199 83839 81221 80335 73227 75401 82307 77591
87413 78922 78682 76590 77632 78896 87445 73333 78816 67197 80909 76474 81411 67910 69279 71516 76431 80593 77824 82069 77579 84373 81089 73631 79333 73627 105910 80331 77221 81100 67337 73726 75290 83968 90213 77165 77477 73860 80815 76008 85657 77127 73016 71238 75905 77773 74866 80020 78604 75861 76927 81431 71757 80174 76522 74708 79892 75271 76109 82923 84681 77912 80545 81144 77643 78706 75291 79408 85188 82032 68395 80458 70103 69638 72089 83452 78190 79277 73022 76798 73295 75509 79453 70079 76840 74467 70228 75276 67688 71909 73314 80927 75076 78900 79975 79147 74176 68818 76384 73570 75962 74581 78085 73554 75551 78104 83585 74133 80450 82614 82790 78387 81437 75679 76066 80418 76781 81897 78590 67709 80478 84948 85207 83265 75780 78911 79317 77730
81864 77849 77138 76800 74442 76395 79671 71039 78141 64919 73913 76124 77236 66036 63372 72137 76900 78254 72247 77120 71405 82469 80251 79767 78594 72280 80331 100976 70779 76441 66489 69401 73397 81435 81584 74442 69983 73936 76731 72704 80849 69597 67793 69045 71679 77559 73801 76136 75375 72517 73997 75549 74551 74686 69550 70953 77622 78945 74503 77669 86161 76221 73830 76537 72646 76148 75360 79354 79692 75944 65627 78831 66897 72931 65964 75732 77075 76880 70273 75145 70625 69122 75249 72076 74872 73979 71623 75050 66546 69322 73783 79533 70792 77230 77097 73450 72287 70909 74756 75598 71910 71332 70582 69288 71769 72284 84641 71432 74107 81999 75617 75489 83473 73885 73502 76265 69792 75240 76380 66023 75171 82474 83494 79944 74831 71173 74807 74451
82648 77551 73511 74521 74660 72100 78540 69708 76339 63652 76587 77875 70285 61338 68427 71474 76846 79205 74089 75264 73631 81293 73827 76603 79176 70457 77221 70779 96190 79186 71479 68204 73967 78099 78915 76293 72288 74657 71171 69119 82665 71136 70378 66860 73283 70739 75044 70580 72926 73309 75068 79479 70897 72885 67370 71135 77318 70821 71285 74230 79251 73835 74557 69550 72861 76736 68735 73621 77438 73998 63119 78993 67104 68279 68673 78637 74765 71303 69923 72352 70212 70035 68295 75780 73728 71014 70704 77513 65583 67772 67257 73042 71351 77768 74838 75110 72767 70559 71614 74157 70576 75558 73328 71929 76221 76023 80441 70478 74599 77607 75821 78180 79953 71785 75887 76894 73735 74321 76801 66710 75240 82723 76009 80459 71326 72579 73312 71939
83957 82718 79584 84138 83262 73007 86286 72379 78297 64848 84397 78394 83814 66566 74350 77316 74918 78020 74661 79961 74344 87478 84537 77697 82953 71393 81100 76441 79186 111346 76850 72372 75254 86890 79189 81219 84207 76439 78205 74490 86952 75785 74455 77867 79399 78828 73063 76722 81791 79836 73876 87715 78415 79425 78423 73986 81955 74224 75657 81581 86866 77978 77967 80314 76949 78537 74899 77763 82365 79167 68696 84755 73711 75105 71722 81717 81866 79367 68656 79117 74488 78013 76041 75960 80570 76978 72583 81669 74599 72792 73526 84495 75947 88726 83471 76455 75405 73710 73402 80274 76319 77925 82539 73419 75364 79280 82893 76554 76005 80741 83962 81003 81315 72461 79669 75937 81762 81296 76828 72300 82166 84540 84916 86274 74160 77123 76616 75766
82023 77033 73167 70816 72755 71398 77574 63452 76952 65796 73316 72708 76397 63394 66624 69757 73034 74371 65908 78576 72923 77665 75911 71155 76587 73697 67337 66489 71479 76850 94032 68904 68760 76540 69535 75046 72264 70686 76780 69234 74634 67348 68918 69509 71931 75707 70510 68817 72570 74971 72158 79006 73468 70204 68137 70130 73284 72024 71239 73656 79498 73363 70601 71408 71109 72343 64506 67042 77005 70869 57877 78197 65375 66079 64173 78008 73840 68954 70767 72655 66357 70843 74483 70401 69430 72483 66134 70337 60892 63613 74785 70316 71902 77675 76024 69725 66348 71000 70024 71745 75876 74762 71068 71928 75160 72602 77162 75428 69947 77155 75227 73229 74249 67632 76800 66559 74173 72259 75898 65425 72082 80259 76107 81792 68165 68539 73403 71444
80949 76202 71036 75173 73220 73696 78469 68908 74356 65362 72027 75124 77299 61237 69827 68610 72063 72921 68059 75515 67914 73824 76917 77860 78661 74260 73726 69401 68204 72372 68904 93495 65976 76058 78597 77124 68907 70005 74239 66240 76062 69475 70260 70732 70055 69351 71617 76634 74347 73798 67096 77592 68158 76103 67294 67619 74250 69442 71057 73968 81060 75130 70166 73131 72634 76560 67267 72110 75829 71573 64159 72207 66972 65966 70005 74818 74733 74408 68958 70505 65175 66618 66139 67935 71685 76623 71008 71024 61480 64522 74533 77305 70085 76194 75924 71545 68968 70949 68074 66736 70267 74326 75179 64145 72830 71976 75360 73182 72780 78958 68829 72196 76754 69879 71589 67556 73398 78231 68468 67113 73467 78577 73891 79601 71125 69830 73492 71182
87719 78917 77565 77156 76907 71036 78889 67666 77105 71251 76615 75065 82214 64896 71973 70270 73835 80269 73809 75780 69844 78730 76230 77750 82379 73407 75290 73397 73967 75254 68760 65976 105252 83309 80004 78485 73296 75019 76604 70139 80856 69552 73606 72229 78301 80951 77338 70432 76127 74324 73509 77471 71470 78614 72582 74367 77173 74655 74245 73518 82717 73247 75685 75528 77879 79796 72345 80874 79717 77708 67351 79978 69419 75719 66437 85951 74629 77786 69360 74871 72768 70517 74963 74778 68453 72489 70027 72259 63719 72264 69900 82338 76176 85907 73968 72352 74177 69809 70265 76190 78948 77490 74060 71299 77490 76269 82538 70803 74262 79755 76406 73995 77452 76660 76296 69510 78817 75598 71619 67666 74996 83588 76703 81351 71709 74494 81485 72665
93798 92047 84693 84038 90003 78914 82434 81284 84185 78718 84274 81193 90913 77149 80714 83493 80213 84005 85379 87261 79738 86833 85371 83393 87921 81628 83968 81435 78099 86890 76540 76058 83309 116011 91350 87831 82198 82474 86332 80659 88836 79736 78081 82180 91359 85949 80403 85003 83453 84359 80264 90378 82837 88814 81836 77106 92043 82948 86681 83645 87161 86866 86070 82175 86346 87655 80433 84584 85379 88520 71854 88204 80280 79614 77863 83675 81413 83603 80436 81096 77508 80157 81167 83230 81075 81036 77642 82354 75736 79083 80772 88541 80792 89857 83172 81198 77257 80336 77674 83328 84020 84713 84724 79890 83659 83702 89555 83664 79508 86137 86885 85664 89241 75715 83785 79269 89687 89501 85872 80193 83733 91840 90577 91837 80384 81550 85616 83808
93374 87230 82371 81977 84210 84950 85204 77876 82753 75387 82736 79269 88611 70991 75258 79141 79340 83014 79665 83506 77533 86270 85001 81283 84665 81318 90213 81584 78915 79189 69535 78597 80004 91350 115590 84923 80756 79513 82322 79299 88265 76856 82451 81189 84498 86136 80755 85049 83586 80505 79556 85909 80271 82526 76448 75503 83083 79636 80945 82114 87490 82518 82494 80474 80777 83274 76858 85224 87227 84674 76597 83661 78296 79451 73786 90414 76692 83449 81162 82054 78844 78650 79598 77610 81123 85597 74166 81796 71285 76343 81131 86017 79899 89235 82264 74779 80603 80992 79835 80163 83543 79640 84020 76284 83944 77849 90228 81704 81033 89083 80529 82819 85311 83365 77270 82915 84318 83460 81319 82386 85227 91371 86802 90599 80407 82355 84979 84238
85529 87461 81196 83801 86082 75221 82809 73572 86320 76130 79825 82007 86508 68011 81291 73458 78422 83163 78596 84418 77309 85305 81171 83634 80996 81699 77165 74442 76293 81219 75046 77124 78485 87831 84923 107954 80405 82524 80863 75158 84920 76317 78096 79853 78978 76632 77664 80556 83758 80312 79073 86936 77974 80229 73301 73720 86999 76028 83057 80655 83102 78581 79519 76172 84190 81168 75102 84278 83913 82853 70569 83884 73583 76729 71204 86090 82387 78092 76244 80296 75890 73635 78064 78431 76685 75693 72871 77775 72997 73928 80738 79027 77783 86439 81649 81229 74314 76033 79550 80016 77031 79002 77742 77469 77475 77868 84949 79479 73887 85020 82610 86716 80853 76704 84047 74866 81981 82761 77857 74053 81376 86538 82718 85285 76322 83066 79442 76124
85480 82385 74502 82005 80245 78722 81550 69810 75963 67057 79200 74931 81653 62464 72099 70156 75232 75342 75170 80345 69922 80748 78621 75501 80549 73355 77477 69983 72288 84207 72264 68907 73296 82198 80756 80405 99335 75020 75510 73271 82460 71914 71847 71672 74896 76481 74636 76769 77464 78565 75632 84222 75887 76880 76191 70246 77018 73190 77387 81324 86813 74032 76210 72317 70403 74743 69846 75592 79168 81328 69246 76646 69977 74975 69684 77855 76341 75428 69545 77944 71821 73985 74596 73260 71709 74008 70152 76095 67643 70826 74419 81432 71905 82332 78300 70027 73348 69475 74934 74344 71596 75650 77588 71005 72383 77598 81421 76979 74477 84612 77787 77174 77954 74983 74932 70292 77752 78654 76589 70884 73123 86321 79847 80990 70522 69602 78720 71887
88180 82316 77246 78476 75396 73670 75247 68878 81641 71572 74602 75670 82799 67410 71653 72378 77534 78877 71866 74852 74034 80906 80557 78967 80258 75954 73860 73936 74657 76439 70686 70005 75019 82474 79513 82524 75020 104489 78828 75524 83680 71492 73454 71631 78041 77698 75794 79814 80087 80469 73170 78352 72499 78880 67365 74170 79408 73129 78025 79801 81702 77680 76878 74840 79424 78593 71895 75747 77615 78187 64820 76032 67591 69990 69339 78343 74637 78837 76962 75020 70029 75252 75214 78248 81892 77996 72484 72677 67606 69217 72967 81426 75657 81713 78194 71435 73851 75067 72130 75244 77406 77168 77254 73824 70453 76062 80151 76293 70242 87643 76077 75553 80969 72389 77388 77760 74282 77503 76015 68068 77026 86530 80195 79696 73901 75432 83261 75316
88699 86624 81639 79558 79890 78912 87949 74171 82862 72444 75661 75246 85107 67547 77447 73427 78631 79946 71990 84611 76950 82989 82379 80526 83238 79396 80815 76731 71171 78205 76780 74239 76604 86332 82322 80863 75510 78828 108095 76797 82020 71460 79641 76235 80994 81017 78748 84912 81603 79946 75623 81900 80264 80850 73867 76074 77549 73200 79274 80179 81196 78492 77543 76776 81745 80702 73340 80459 81424 78880 71493 79619 75553 75153 72220 82613 79710 83196 76385 75312 74784 77815 75611 72375 73731 80187 69000 77644 68456 70239 80032 86108 75177 78820 80805 76309 72685 74780 78355 77937 82012 77294 78806 76224 76881 77907 81021 78177 74003 86052 80735 78826 79292 76323 82600 77977 78326 82100 77275 71758 77077 87579 81876 85610 73452 75913 83972 78312
85407 79265 74090 77816 73534 68451 79890 69465 79397 66715 75610 70318 81022 67540 65580 72603 72848 71215 71242 77915 73587 80572 77140 74105 78664 72582 76008 72704 69119 74490 69234 66240 70139 80659 79299 75158 73271 75524 76797 97815 80670 70719 68882 75912 74812 76019 74544 73696 72417 71609 68987 79865 70221 73913 70596 67548 75901 70915 70851 77674 80067 75339 72304 75510 74420 74212 70323 76675 77836 72734 62857 80116 69099 67170 68507 76524 71680 71538 73644 72857 71858 74832 75130 69023 70450 76116 73065 72205 67209 69164 73897 75209 73714 78861 77940 72948 68239 71558 69755 73951 75861 73623 77444 68902 71928 72768 81279 74270 72961 79467 73930 75040 77263 71909 76489 73913 74794 78687 72537 68680 75086 82571 80135 75956 67189 70309 74613 71457
91667 87562 83070 87359 87266 82454 87644 79452 82614 76747 90236 86186 83468 72581 77332 82583 79493 78751 83271 84680 81719 91484 81520 82704 89493 85598 85657 80849 82665 86952 74634 76062 80856 88836 88265 84920 82460 83680 82020 80670 114608 79218 81236 83423 84402 85059 80631 86848 84052 81190 85411 85151 81960 83777 78397 81349 85338 79568 82442 87627 90088 83348 78481 83852 82777 85823 83221 89895 82911 83041 71243 85126 77655 75953 75029 86506 84689 81977 79253 79898 76889 79800 84159 80501 78800 80948 76038 86649 75000 77690 86251 86411 81335 90475 86763 80761 80826 78202 82781 80430 82881 84217 83365 79176 77703 83851 87668 85328 80129 91805 82581 87639 87296 77831 85148 85003 89621 84278 83815 79174 84613 96560 86864 86500 77959 79019 89757 79693
83498 75628 74891 73188 77935 69070 77858 71561 81748 67526 73388 74316 77135 64693 71406 70388 69198 74252 75835 80258 72154 83430 79199 74131 80744 71331 77127 69597 71136 75785 67348 69475 69552 79736 76856 76317 71914 71492 71460 70719 79218 99570 70834 67607 74675 67743 79795 76138 72849 74149 73624 76403 70835 72638 72041 72119 76302 74276 75092 78080 81993 81106 76144 77139 75768 77640 72550 76283 77761 76946 65383 79364 66296 69699 67578 79189 77312 73563 76101 76004 70784 70414 74847 75980 72533 73395 67849 75452 67323 69556 73132 72339 73695 79707 79112 70175 68817 71885 74266 74275 74017 75154 75779 71835 69564 73463 76902 75119 74422 81582 76832 79750 73270 73181 80049 70322 73657 79319 75188 69179 77714 78948 77332 79563 76265 74842 81594 71034
87579 84170 73709 77337 81244 72609 84454 70052 78420 68994 71085 72122 80452 66861 70130 72006 69970 72928 72940 75114 73491 77769 77164 75482 77994 74186 73016 67793 70378 74455 68918 70260 73606 78081 82451 78096 71847 73454 79641 68882 81236 70834 99603 72875 75546 76413 74278 77278 73005 76629 73202 80718 70581 80645 69657 67157 76635 69631 74617 80179 77244 78636 70348 74027 73712 76619 72036 77792 79982 73628 70869 77978 71141 69385 65497 83948 75996 75924 72881 72115 69170 70781 72926 75293 71110 74789 68777 76264 67078 71083 75522 76605 76975 79574 72456 72653 69154 67713 74026 77685 71894 74979 75599 72520 72134 74618 82885 74736 74617 80590 76853 75517 75743 72794 79569 72974 79047 76863 66571 71686 80075 83894 73052 77283 73168 74183 80664 71795
84885 78565 72111 77198 80106 67706 78288 70592 75285 70650 76471 71827 79303 66389 73690 69852 72093 72335 73641 77821 71675 78824 75614 73828 80295 77964 71238 69045 66860 77867 69509 70732 72229 82180 81189 79853 71672 71631 76235 75912 83423 67607 72875 97537 75390 75801 71471 78815 76832 71327 67306 80390 76775 73189 69964 71877 75521 72751 78711 77563 75225 76850 74270 71594 79361 78568 69065 79905 75634 72403 66105 73996 67716 70730 69772 80109 75148 76077 73157 72215 72593 74618 71142 71532 71115 74755 69210 75987 67584 70492 75562 80025 71582 85385 74904 74740 71924 73951 66096 69166 79316 70795 74547 71985 76368 72283 79209 71788 71415 80420 76002 74572 75662 72750 78182 73109 76065 78571 71144 73480 76912 82090 81082 79619 67314 71701 75304 74043
89932 85001 79326 76680 82567 74680 81194 72254 77613 74059 76585 77267 82323 67671 71679 76180 74278 76061 78381 78725 74754 82300 77344 75165 83041 75575 75905 71679 73283 79399 71931 70055 78301 91359 84498 78978 74896 78041 80994 74812 84402 74675 75546 75390 105155 79996 76220 78420 78985 78806 73623 80235 79329 84178 72504 74510 78987 74374 74327 77320 79286 80251 80659 79080 81580 78834 68907 84350 79256 78849 65007 82645 70980 72862 71778 79869 75872 77070 74520 75266 72906 72373 77294 74065 77557 78100 72074 74086 66904 73851 77116 81952 73275 83359 81575 73698 75738 75771 69263 76406 76692 82196 76631 76017 77995 78691 81900 72023 74023 82133 77710 76099 80193 75562 81023 70135 81879 84912 77176 72978 78182 86699 81979 83403 75803 75236 82229 75696
87293 81711 80250 80432 81647 77776 77970 74682 79793 68973 78522 73769 86390 70609 72153 77018 78537 77447 77047 81151 76845 84669 82580 76154 79103 77388 77773 77559 70739 78828 75707 69351 80951 85949 86136 76632 76481 77698 81017 76019 85059 67743 76413 75801 79996 106655 79183 75073 73492 77511 78286 82278 75002 76115 73425 77354 78034 76878 81139 82099 82856 76331 73884 75531 77801 77632 68996 82613 82512 79203 67399 80495 73833 71221 68070 82325 77935 78806 73070 72413 76101 74132 73917 75822 71145 81062 71642 73753 68137 72686 80271 84626 73725 87234 78353 73297 77007 73269 71884 80706 77728 77849 79081 73714 75433 74707 85796 77051 75936 84275 75313 77120 83011 78875 76660 77889 81348 78510 78074 69557 80291 91753 79545 81305 75258 75347 84272 79371
88212 77884 79646 79596 80191 75222 82779 72861 84301 69110 74933 74926 81224 64409 75940 71563 78702 79956 74976 81157 77088 80632 81168 78402 84107 77134 74866 73801 75044 73063 70510 71617 77338 80403 80755 77664 74636 75794 78748 74544 80631 79795 74278 71471 76220 79183 100136 77762 75584 76031 78017 77855 76281 81116 71744 78498 84012 76619 76925 80136 82156 79676 79390 75181 77206 76859 71073 78592 81866 79267 67131 81140 71856 73639 69005 81657 75992 80371 74819 74015 75112 73878 78863 78036 73482 77212 73529 77599 69372 72901 77269 79024 76085 79177 77309 74096 76436 70890 76250 77368 74998 81882 73036 76353 79117 76547 81957 76668 73068 85384 78524 81835 80926 78264 76604 78363 77856 78986 80227 77846 75930 86737 77875 82215 79441 70280 84209 74728
88326 85525 81734 75311 81282 75126 82866 79541 84770 69593 77693 77502 83485 64270 75373 72494 75175 79889 75215 83595 74390 84241 79276 80002 82934 77018 80020 76136 70580 76722 68817 76634 70432 85003 85049 80556 76769 79814 84912 73696 86848 76138 77278 78815 78420 75073 77762 106927 81364 79299 75333 80612 80014 80621 73915 71571 79987 74384 83484 84335 87459 81948 77744 81133 79493 77780 77253 79003 81408 80123 68821 80532 72092 71198 70063 81030 79449 78800 80113 74835 74002 73519 75677 71872 77813 82649 68262 82157 71929 72113 74113 83982 77905 80462 77862 74196 74978 74700 76897 71536 79037 74141 75240 78083 72815 76924 84495 79436 74802 86203 75317 78399 79313 77024 82676 77345 77268 82438 77719 72566 73514 83933 82726 84123 74014 77978 82332 76318
87071 78071 79396 83196 78717 77226 85922 70318 84218 71058 80290 76756 80477 66274 74453 69029 74927 80335 74306 82004 77890 82631 76097 79947 81342 76433 78604 75375 72926 81791 72570 74347 76127 83453 83586 83758 77464 80087 81603 72417 84052 72849 73005 76832 78985 73492 75584 81364 105200 78643 75539 82270 78611 83198 76025 71116 82349 78863 74911 78456 83718 83601 74993 75774 79233 83042 70421 77540 77826 80812 71084 80267 68664 75091 66321 83815 84138 77612 71343 80310 76511 80370 76924 75273 82247 76604 71196 78526 67166 75218 74997 81389 76904 83313 82301 79405 77162 74451 78867 75403 76011 76022 76205 73655 73067 76093 84946 73730 70594 86496 82179 81731 81296 74460 83997 73392 79915 83280 76696 74387 79495 85967 82793 85576 74251 80204 80007 77061
91990 82979 79095 82678 76937 76508 83045 71075 81461 70734 80795 75144 89802 66448 75643 73915 72672 80330 73898 79420 75972 83814 80009 78469 78444 76416 75861 72517 73309 79836 74971 73798 74324 84359 80505 80312 78565 80469 79946 71609 81190 74149 76629 71327 78806 77511 76031 79299 78643 102739 77057 83481 73751 79660 74337 74894 81253 79206 75291 75741 83511 76738 77359 79222 75542 78760 71734 76141 83009 77182 68967 75988 73934 73162 71314 82540 78068 81934 74817 77534 74245 71721 74269 78071 78596 78302 75193 77613 67395 69705 75746 79362 75478 81929 82316 73943 72149 76320 73947 74681 80769 76357 80350 75980 78023 78818 83992 77966 72514 84794 81301 78671 77556 74900 79427 75029 79754 82990 79866 69981 76332 86130 77791 83734 75808 79310 81191 77344
84682 77665 78028 73384 77377 77961 79199 71737 77547 68801 74497 73276 78467 65338 68055 70603 74089 78709 76050 78670 70767 80034 75475 76550 79726 73271 76927 73997 75068 73876 72158 67096 73509 80264 79556 79073 75632 73170 75623 68987 85411 73624 73202 67306 73623 78286 78017 75333 75539 77057 99446 78518 74276 77858 72148 76821 76514 66863 74293 74613 77684 76556 72188 75502 73783 77206 72013 76739 78530 81017 64974 79476 69953 68124 65325 79545 74775 72766 70435 72223 71233 72776 75486 75855 69844 69742 64845 75865 65583 68173 68181 75021 70867 76892 76532 72428 71287 69950 75830 75772 74836 73690 75628 74792 72425 75266 82027 72507 74449 83722 77303 76030 79829 70690 76997 71118 78059 73971 77968 66367 77484 85568 76745 77606 74738 69015 76875 74280
90252 87990 80839 83622 82180 75872 85135 73799 85221 75201 82329 78022 87844 68977 78533 82169 79445 82132 75242 85765 80538 86854 83419 75780 82708 79230 81431 75549 79479 87715 79006 77592 77471 90378 85909 86936 84222 78352 81900 79865 85151 76403 80718 80390 80235 82278 77855 80612 82270 83481 78518 109481 79689 80915 77916 78748 84057 78736 78640 81062 85384 80554 78574 80625 77725 84828 77300 79137 86198 84540 72202 82107 77524 72486 77071 87112 83258 84782 72405 83047 72597 82486 76151 76612 82740 81862 73825 79944 75864 80155 77403 86028 80658 87111 84732 81060 82341 77338 78136 83919 74870 80436 82235 81219 77474 81740 86946 84518 79059 84835 82919 80830 86011 78481 87451 77691 80689 83165 77467 76104 77809 90132 88943 83517 75658 80195 83103 78898
