2.49366977 2.67628485 2.95430825 3.26047741 2.75525251 2.06570621 2.65109441 2.69512943 1.99212801 2.06746381
2.67628485 3.92868719 3.30648456 4.06936032 3.53574585 2.78424279 3.66815255 2.96602931 2.14561916 2.46892642
2.95430825 3.30648456 4.08210851 3.93561341 3.31815144 2.70366251 3.37090988 3.74011858 2.11003275 2.61253776
3.26047741 4.06936032 3.93561341 4.91294974 3.64865794 3.08042168 3.94828292 3.73198321 2.76750044 2.91455268
2.75525251 3.53574585 3.31815144 3.64865794 3.92498848 2.57928458 3.09531089 3.03505833 2.06280071 2.04687577
2.06570621 2.78424279 2.70366251 3.08042168 2.57928458 2.30436257 2.90930092 2.39259183 1.58310805 2.20304858
2.65109441 3.66815255 3.37090988 3.94828292 3.09531089 2.90930092 4.10372898 2.91139946 1.95658808 3.19203605
2.69512943 2.96602931 3.74011858 3.73198321 3.03505833 2.39259183 2.91139946 3.87158684 1.85686580 2.22256698
1.99212801 2.14561916 2.11003275 2.76750044 2.06280071 1.58310805 1.95658808 1.85686580 2.23562831 1.78815774
2.06746381 2.46892642 2.61253776 2.91455268 2.04687577 2.20304858 3.19203605 2.22256698 1.78815774 3.14615291