8122 3928 4343 4879 3672 4652 5019 5741
3928 4038 1783 3169 2803 3194 3812 3684
4343 1783 4710 4782 2057 2561 3171 3079
4879 3169 4782 6705 2090 3133 5085 4883
3672 2803 2057 2090 3806 3298 2005 2135
4652 3194 2561 3133 3298 4578 3271 3003
5019 3812 3171 5085 2005 3271 5108 4836
5741 3684 3079 4883 2135 3003 4836 5558
